tab1 <-
list(NULL, NULL, NULL, NULL, NULL, NULL, c("lsat.Rdata", imv = "-0.000373711102052778", 
n = "1000", mad = "1.27486362463656e-14", rho = "0.0967566181376442", 
load = "1"), NULL, NULL, NULL, NULL, c("wirs.Rdata", imv = "0.00412923198747493", 
n = "1005", mad = "0.0243305029941984", rho = "0.769155641905392", 
load = "0.921061074025979"), NULL, NULL, NULL, NULL, c("frac20.Rdata", 
imv = "0.00612075813002736", n = "536", mad = "0.451116179003886", 
rho = "0.570442583851889", load = "-0.496321805366952"), c("pks_probability.Rdata", 
imv = "0.000188883990988208", n = "504", mad = "1.26596492798127", 
rho = "-0.745858582642811", load = "0.345912064092074"), NULL, 
    c("geiser_tam.Rdata", imv = "0.0123441181130174", n = "519", 
    mad = "1.03868902724626", rho = "-0.336910432499452", load = "0.0235680489680061"
    ), NULL, c("oli_psych_course.Rdata", imv = "-0.00239715759212707", 
    n = "1283", mad = "0.35054854775444", rho = "0.398076821600498", 
    load = "-0.580357499738313"), c("measuring_lexical_quality.Rdata", 
    imv = "-0.00304032026272215", n = "742", mad = "0.379508685699307", 
    rho = "0.447379388433183", load = "-0.343175682346627"), 
    c("g308_sirt.Rdata", imv = "0.000131972081003127", n = "747", 
    mad = "0.511507229623621", rho = "0.364241190017691", load = "-0.407623517961942"
    ), c("wordsum.Rdata", imv = "-0.00158455345976415", n = "1547", 
    mad = "0.566243263517717", rho = "-0.052918710127603", load = "-0.404494829195416"
    ), NULL, NULL, NULL, c("cdm_timss03.Rdata", imv = "-0.001273142974211", 
    n = "757", mad = "0.455678922489987", rho = "0.431291050317344", 
    load = "-0.335501962576086"), c("naep_multilcirt.Rdata", 
    imv = "-0.00294566013546249", n = "1510", mad = "0.410259362953742", 
    rho = "0.300141354884834", load = "-0.468119126259108"), 
    c("mpsycho_rwdq.Rdata", imv = "-0.00183967654621095", n = "1049", 
    mad = "0.555120589119393", rho = "0.0210287547064901", load = "-0.0889829803514141"
    ), c("4thgrade_math_sirt.Rdata", imv = "0.020882548901097", 
    n = "664", mad = "0.83709489633337", rho = "0.135700524597579", 
    load = "-0.463658506171025"), c("quantshort.Rdata", imv = "-0.000205212481506866", 
    n = "1000", mad = "0.624225997307985", rho = "-0.130091490165287", 
    load = "0.0352078820760518"), c("psychtools_ability.Rdata", 
    imv = "0.00260526994318821", n = "1509", mad = "0.533420680933704", 
    rho = "0.332697483618041", load = "-0.75435592840492"), NULL, 
    c("difNLR_msatb.Rdata", imv = "-0.000460759194199545", n = "1407", 
    mad = "0.675266127255194", rho = "-0.153231119082696", load = "-0.406129725328218"
    ), c("cdm_pisa00R.Rdata", imv = "0.00572801574832668", n = "1095", 
    mad = "0.611263080139179", rho = "0.253573930850439", load = "-0.480338043279033"
    ), c("vocab_assessment_3_to_8_year_old_children.Rdata", imv = "0.00944255884575342", 
    n = "581", mad = "1.25743080279184", rho = "-0.543331564489353", 
    load = "-0.195290527153834"), NULL, c("mpsycho_Rmotivation.Rdata", 
    imv = "0.0104053405420079", n = "852", mad = "1.08354015962513", 
    rho = "-0.354494212958338", load = "-0.294686185275096"), 
    c("mpsycho_wilmer.Rdata", imv = "-0.002227336860621", n = "1471", 
    mad = "0.489988902872691", rho = "0.146666975695771", load = "-0.401139740412777"
    ), c("mpsycho_wilpat.Rdata", imv = "0.0206296266122549", 
    n = "803", mad = "1.37946367585323", rho = "-0.708150191027985", 
    load = "-0.0363800503357338"), c("content_literacy_intervention.Rdata", 
    imv = "0.00369152585923981", n = "2174", mad = "0.569018690835791", 
    rho = "0.0667344169642712", load = "-0.0280583112904389"), 
    c("mcmi_mokken.Rdata", imv = "0.00641185151198723", n = "1208", 
    mad = "0.60620156786333", rho = "0.421313591932393", load = "-0.48379938715109"
    ), c("cdm_hr.Rdata", imv = "-0.000720727410308427", n = "1550", 
    mad = "0.688452000253582", rho = "-0.378751765524749", load = "0.461000171378452"
    ), c("mpsycho_YouthDep.Rdata", imv = "0.00164172347945813", 
    n = "2290", mad = "0.923557362439883", rho = "-0.504636403818276", 
    load = "0.115324708976324"), c("mobility.Rdata", imv = "-0.00509360660089467", 
    n = "8445", mad = "0.297150347692777", rho = "0.509624179750243", 
    load = "-0.740518749445606"), c("art.Rdata", imv = "0.0103978663795273", 
    n = "1402", mad = "0.919965709041719", rho = "0.0815850592401687", 
    load = "-0.822520287189343"), c("cdm_ecpe.Rdata", imv = "-0.000407389884127572", 
    n = "2922", mad = "0.468700478205508", rho = "0.104497117442802", 
    load = "-0.34267552712664"), c("fims_tam.Rdata", imv = "-0.00032346637144442", 
    n = "6371", mad = "0.787366676872154", rho = "-0.535319140238865", 
    load = "0.718824185821758"), NULL, c("big5_sirt.Rdata", imv = "0.0119565962679788", 
    n = "500", mad = "1.60087665157363", rho = "-0.760747456966741", 
    load = "0.0780416956363495"), c("pirlsmissing_sirt.Rdata", 
    imv = "-0.0308288405567407", n = "3480", mad = "1.64700735060358e-08", 
    rho = "0.334182924763824", load = "0.999999999999999"), c("Mental_Health_Questionnaire_for_the_Elderly.Rdata", 
    imv = "0.00772251310961298", n = "1318", mad = "1.38549259716492", 
    rho = "-0.831503966113454", load = "0.547463139189427"), 
    c("psychtools_epi.Rdata", imv = "0.0286159872566914", n = "3516", 
    mad = "1.46538866024129", rho = "-0.947355058431114", load = "0.801736784983393"
    ), c("hte_irw.Rdata", imv = "0.00145709624624275", n = "7797", 
    mad = "0.499388170840961", rho = "0.33520090262102", load = "-0.14170395857064"
    ), c("tma.Rdata", imv = "0.00635489586373257", n = "5401", 
    mad = "0.784058332047124", rho = "0.0498312089490894", load = "0.0995470401494538"
    ), c("RDatasets_gssabortion.Rdata", imv = "-0.0113371668209959", 
    n = "25000", mad = "0.245971904656009", rho = "0.744743735372617", 
    load = "-0.91250743392565"), c("credentialform_lnirt.Rdata", 
    imv = "0.00411515098212102", n = "1636", mad = "1.20547678051475", 
    rho = "-0.543202858744158", load = "0.213287494420911"), 
    c("duval4.Rdata", imv = "0.00187473462310836", n = "9876", 
    mad = "0.629808231478027", rho = "0.13861984619967", load = "0.0185021217512419"
    ), c("psychoneurotic_inventory.Rdata", imv = "0.0151574565686217", 
    n = "6016", mad = "1.56306382972151", rho = "-0.964156224978635", 
    load = "0.760135287060279"), c("vocabulary_iq.Rdata", imv = "0.000632308319155575", 
    n = "12173", mad = "0.667388727317787", rho = "0.0259436156643399", 
    load = "-0.132120512608038"), c("duval8.Rdata", imv = "0.00328379818174422", 
    n = "18957", mad = "0.51851786426317", rho = "0.469827850488195", 
    load = "-0.220114441563846"), c("state_c1_2007_3_responses.Rdata", 
    imv = "0.00175690886959043", n = "25000", mad = "0.504272298152928", 
    rho = "0.317426224356662", load = "-0.0977978383680785"))


tab2 <-
list(NULL, NULL, NULL, NULL, NULL, NULL, NULL, NULL, NULL, NULL, 
    NULL, NULL, NULL, NULL, NULL, NULL, NULL, NULL, NULL, NULL, 
    NULL, NULL, NULL, NULL, NULL, NULL, NULL, NULL, NULL, NULL, 
    NULL, NULL, NULL, NULL, NULL, NULL, NULL, NULL, NULL, NULL, 
    NULL, NULL, NULL, NULL, NULL, NULL, NULL, NULL, NULL, NULL, 
    NULL, NULL, NULL, NULL, NULL, NULL, NULL, NULL, NULL, NULL, 
    NULL, NULL, NULL, NULL, NULL, NULL, c("state_c3_2007_6_responses.Rdata", 
    imv = "0.0011895828285699", n = "25000", mad = "1.02245891581599", 
    rho = "-0.493276350559486", load = "0.757230671583091"))




